28.47;980.23;-1944;152;-15656;-6;8;-4;20;29;34;20;29;34;0
28.48;980.25;-1992;108;-15540;-14;18;-20;25;30;35;21;30;35;0
28.47;980.27;-1944;152;-15728;12;16;13;25;30;35;21;30;35;0
28.46;980.26;-1964;64;-15576;25;7;-6;25;30;35;21;30;35;0
28.46;980.24;-1968;140;-15776;9;-17;7;25;30;35;21;30;35;0
28.46;980.26;-1876;8;-15740;61;-40;3;25;31;36;21;31;36;0
28.46;980.27;-1996;64;-15820;11;-8;6;25;31;36;21;31;36;0
28.45;980.26;-1968;76;-15812;-8;0;5;25;30;35;21;30;35;0
28.45;980.28;-1980;20;-15580;-7;7;3;25;30;35;21;30;35;0
28.46;980.25;-1980;40;-15656;36;-35;3;25;30;35;21;30;35;0
28.47;980.27;-1888;-12;-15660;3;-19;-2;25;30;35;21;30;35;0
28.47;980.25;-1880;52;-15624;-8;-3;16;25;30;35;21;30;35;0
28.47;980.26;-1956;104;-15600;-16;0;5;25;30;35;21;30;35;0
28.48;980.26;-2060;12;-15432;4;16;9;25;30;35;21;30;35;0
28.47;980.30;-1928;100;-15644;16;-30;4;25;31;36;21;31;36;0
28.47;980.29;-1952;120;-15704;-12;8;-3;25;31;36;21;31;36;0
28.46;980.29;-1988;116;-15764;-3;11;-21;25;30;35;21;30;35;0
28.47;980.27;-1936;136;-15468;6;-4;-1;25;30;35;21;30;35;0
28.44;980.25;-1652;88;-15760;13;12;0;25;30;35;21;30;35;0
28.43;980.24;-1812;64;-15748;-12;1;0;25;30;35;21;30;35;0
28.43;980.26;-1724;40;-15716;-13;7;10;25;30;35;21;30;35;0
28.42;980.27;-1760;168;-15848;31;-31;-3;25;30;35;21;30;35;0
28.38;980.25;-1788;144;-15672;0;-4;18;25;30;35;21;30;35;0
28.37;980.24;-1640;88;-15860;24;-34;-22;25;30;35;21;30;35;0
28.38;980.25;-1656;112;-15692;11;-21;9;25;30;35;21;30;35;0
28.37;980.25;-1684;128;-15832;-7;4;-6;25;30;35;21;30;35;0
28.38;980.24;-1644;48;-15720;10;7;9;25;30;35;21;30;35;0
28.37;980.26;-1608;116;-15716;-8;27;5;25;30;35;21;30;35;0
28.37;980.28;-1644;92;-15708;-13;13;-1;25;30;35;21;30;35;0
28.38;980.27;-1700;96;-15660;-9;17;11;25;30;35;21;30;35;0
28.36;980.31;-1640;88;-15776;-16;34;7;25;30;35;21;30;35;0
28.35;980.28;-1592;56;-15832;122;95;48;20;29;34;20;29;34;0
28.40;980.25;-1572;140;-15608;16;-24;19;25;30;35;21;30;35;0
28.45;980.23;-1668;204;-15752;-6;46;-2;25;30;35;21;30;35;0
28.47;980.25;-1500;52;-15876;-38;7;16;25;30;35;21;30;35;0
28.48;980.27;-1616;92;-15672;41;2;7;25;30;35;21;30;35;0
28.48;980.25;-1632;104;-15696;-53;56;12;25;30;35;21;30;35;0
28.49;980.26;-1596;232;-15708;-80;9;-3;25;30;35;21;30;35;0
28.49;980.28;-1580;204;-15780;-77;27;-10;20;29;34;20;29;34;0
28.49;980.23;-1656;180;-15660;59;-29;36;20;29;34;20;29;34;0
28.49;980.25;-1576;184;-15764;-72;55;-5;20;29;34;20;29;34;0
28.50;980.27;-1648;152;-15876;28;7;25;20;29;34;20;29;34;0
28.50;980.28;-1656;92;-15624;0;-4;6;20;29;34;20;29;34;0
28.51;980.26;-1584;188;-15852;5;11;-5;20;29;34;20;29;34;0
28.51;980.26;-1628;100;-15820;3;-31;-2;20;29;34;20;29;34;0
28.51;980.24;-1568;164;-15796;-4;9;15;20;29;34;20;29;34;0
28.51;980.27;-1620;148;-15792;42;-4;12;20;29;34;20;29;34;0
28.52;980.26;-1552;64;-15760;56;-4;6;20;29;34;20;29;34;0
28.52;980.28;-1532;136;-15572;-18;49;4;20;29;34;20;29;34;0
28.52;980.29;-1644;220;-15856;-25;-25;4;20;29;34;20;29;34;0
28.52;980.28;-1612;100;-15636;12;-30;4;20;29;34;20;29;34;0
28.53;980.28;-1556;216;-15724;-28;9;-6;20;29;34;20;29;34;0
28.53;980.27;-1680;168;-15776;-9;-6;1;20;29;34;20;29;34;0
28.53;980.27;-1568;116;-15508;39;-18;5;20;29;34;20;29;34;0
28.53;980.24;-1700;184;-15784;47;-38;4;20;29;34;20;29;34;0
28.53;980.27;-1700;172;-15624;28;-36;-13;20;29;34;20;29;34;0
28.53;980.29;-1576;108;-15700;-3;19;-6;20;29;34;20;29;34;0
28.53;980.27;-1696;196;-15696;-23;29;-3;20;29;34;20;29;34;0
28.53;980.27;-1596;140;-15756;-28;25;0;20;29;34;20;29;34;0
28.54;980.28;-1564;132;-15752;-22;78;2;20;29;34;20;29;34;0
28.54;980.28;-1604;124;-15812;-29;41;-7;20;29;34;20;29;34;0
28.54;980.30;-1468;128;-15744;176;-17;-47;20;29;34;20;29;34;0
28.54;980.31;-1676;96;-15788;-51;-15;-12;20;29;34;20;29;34;0
28.53;980.30;-1492;132;-15760;27;6;7;20;29;34;20;29;34;0
28.53;980.28;-1656;192;-15524;27;-9;7;20;29;34;20;29;34;0
28.53;980.28;-1532;64;-15688;20;-7;26;20;29;34;20;29;34;0
28.53;980.28;-1556;44;-15656;-111;25;-153;20;29;34;20;29;34;0
28.53;980.30;-1624;96;-15700;44;4;16;20;29;34;20;29;34;0
28.53;980.28;-1648;156;-15804;9;-2;9;20;29;34;20;29;34;0
28.53;980.28;-1588;160;-15540;47;8;7;20;29;34;20;29;34;0
28.53;980.28;-1620;164;-15780;-2;16;9;20;29;34;20;29;34;0
28.54;980.29;-1600;92;-15724;-6;6;1;20;29;34;20;29;34;0
28.54;980.28;-1480;112;-15780;-109;28;-26;20;29;34;20;29;34;0
28.54;980.30;-1552;168;-15768;1;17;9;20;29;34;20;29;34;0
28.54;980.27;-1524;188;-15856;27;-24;13;20;29;34;20;29;34;0
28.54;980.29;-1704;268;-15656;29;-17;14;20;29;34;20;29;34;0
28.54;980.27;-1616;32;-15840;-10;32;17;20;29;34;20;29;34;0
28.55;980.27;-1552;-12;-15728;2;-28;14;20;29;34;20;29;34;0
28.55;980.28;-1576;108;-15592;-31;-23;-2;20;29;34;20;29;34;0
28.55;980.29;-1528;92;-15940;22;-13;4;20;29;34;20;29;34;0
28.55;980.28;-1600;0;-15816;-10;-1;3;20;29;34;20;29;34;0
28.55;980.30;-1568;168;-15716;24;-2;18;20;29;34;20;29;34;0
28.55;980.30;-1564;140;-15704;19;-3;0;20;29;34;20;29;34;0
28.55;980.26;-1588;184;-15744;14;-16;11;20;29;34;20;29;34;0
28.55;980.29;-1576;184;-15800;31;-18;-13;20;29;34;20;29;34;0
28.55;980.27;-1672;160;-15752;20;6;4;20;29;34;20;29;34;0
28.55;980.25;-1628;88;-15680;16;18;24;20;29;34;20;29;34;0
28.55;980.28;-1588;84;-15752;-20;-8;12;20;29;34;20;29;34;0
28.54;980.27;-1604;76;-15848;17;-13;0;20;29;34;20;29;34;0
28.54;980.29;-1588;148;-15628;-9;21;15;20;29;34;20;29;34;0
28.53;980.26;-1560;112;-15852;5;0;-2;20;29;34;20;29;34;0
28.52;980.28;-1452;248;-15648;3;5;-7;20;29;34;20;29;34;0
28.53;980.27;-1556;104;-15768;3;-19;15;20;29;34;20;29;34;0
28.53;980.29;-1636;160;-15696;-4;-11;13;20;29;34;20;29;34;0
28.52;980.28;-1612;84;-15660;-23;-16;-6;20;29;34;20;29;34;0
28.52;980.30;-1576;108;-15704;-16;29;0;20;29;34;20;29;34;0
28.51;980.31;-1552;204;-15812;32;-9;8;20;29;34;20;29;34;0
28.51;980.30;-1556;124;-15732;-8;2;6;20;29;34;20;29;34;0
28.51;980.30;-1684;36;-15668;74;6;45;20;29;34;20;29;34;0
28.52;980.28;-1612;188;-15740;54;-15;4;20;29;34;20;29;34;0
28.53;980.29;-1520;236;-15644;31;-10;-2;20;29;34;20;29;34;0
28.53;980.30;-1568;152;-15808;-1;13;-5;20;29;34;20;29;34;0
28.53;980.29;-1620;108;-15836;-9;-9;6;20;29;34;20;29;34;0
